           1  0.496440768    
           2  0.492895722    
           3  0.489364982    
           4  0.485848367    
           5  0.482345998    
           6  0.478857875    
           7  0.475383937    
           8  0.471924126    
           9  0.468478501    
          10  0.465047121    
          11  0.461629808    
          12  0.458226681    
          13  0.454837620    
          14  0.451462805    
          15  0.448102057    
          16  0.444755435    
          17  0.441422820    
          18  0.438104391    
          19  0.434800029    
          20  0.431509733    
          21  0.428233445    
          22  0.424971223    
          23  0.421723127    
          24  0.418488979    
          25  0.415268898    
          26  0.412062824    
          27  0.408870757    
          28  0.405692577    
          29  0.402528524    
          30  0.399378359    
          31  0.396242201    
          32  0.393119931    
          33  0.390011609    
          34  0.386917233    
          35  0.383836806    
          36  0.380770266    
          37  0.377717555    
          38  0.374678850    
          39  0.371653974    
          40  0.368642926    
          41  0.365645766    
          42  0.362662435    
          43  0.359692931    
          44  0.356737256    
          45  0.353795350    
          46  0.350867271    
          47  0.347953022    
          48  0.345052481    
          49  0.342165709    
          50  0.339292765    
          51  0.336433470    
          52  0.333587945    
          53  0.330756128    
          54  0.327938020    
          55  0.325133622    
          56  0.322342873    
          57  0.319565773    
          58  0.316802382    
          59  0.314052582    
          60  0.311316431    
          61  0.308593929    
          62  0.305885017    
          63  0.303189695    
          64  0.300507903    
          65  0.297839761    
          66  0.295185149    
          67  0.292544067    
          68  0.289916515    
          69  0.287302494    
          70  0.284701943    
          71  0.282114923    
          72  0.279541314    
          73  0.276981235    
          74  0.274434626    
          75  0.271901369    
          76  0.269381583    
          77  0.266875148    
          78  0.264382243    
          79  0.261902630    
          80  0.259436369    
          81  0.256983459    
          82  0.254543960    
          83  0.252117753    
          84  0.249704838    
          85  0.247305214    
          86  0.244918883    
          87  0.242545843    
          88  0.240185976    
          89  0.237839401    
          90  0.235506058    
          91  0.233185947    
          92  0.230878949    
          93  0.228585124    
          94  0.226304531    
          95  0.224037051    
          96  0.221782744    
          97  0.219541490    
          98  0.217313349    
          99  0.215098321    
         100  0.212896347    
         101  0.210707426    
         102  0.208531499    
         103  0.206368685    
         104  0.204218805    
         105  0.202081919    
         106  0.199957907    
         107  0.197847009    
         108  0.195748985    
         109  0.193663836    
         110  0.191591620    
         111  0.189532340    
         112  0.187485874    
         113  0.185452223    
         114  0.183431447    
         115  0.181423545    
         116  0.179428339    
         117  0.177445948    
         118  0.175476313    
         119  0.173519433    
         120  0.171575308    
         121  0.169643819    
         122  0.167725086    
         123  0.165819049    
         124  0.163925529    
         125  0.162044704    
         126  0.160176516    
         127  0.158320904    
         128  0.156477809    
         129  0.154647350    
         130  0.152829409    
         131  0.151024044    
         132  0.149231017    
         133  0.147450566    
         134  0.145682573    
         135  0.143927038    
         136  0.142183781    
         137  0.140453041    
         138  0.138734639    
         139  0.137028635    
         140  0.135334909    
         141  0.133653522    
         142  0.131984413    
         143  0.130327582    
         144  0.128682971    
         145  0.127050579    
         146  0.125430405    
         147  0.123822391    
         148  0.122226536    
         149  0.120642841    
         150  0.119071305    
         151  0.117511809    
         152  0.115964293    
         153  0.114428937    
         154  0.112905622    
         155  0.111394167    
         156  0.109894753    
         157  0.108407319    
         158  0.106931806    
         159  0.105468214    
         160  0.104016483    
         161  0.102576554    
         162  0.101148486    
         163   9.97322202E-02
         164   9.83277559E-02
         165   9.69350338E-02
         166   9.55540538E-02
         167   9.41847563E-02
         168   9.28270817E-02
         169   9.14810896E-02
         170   9.01467800E-02
         171   8.88240337E-02
         172   8.75128508E-02
         173   8.62131715E-02
         174   8.49251151E-02
         175   8.36485028E-02
         176   8.23833942E-02
         177   8.11296105E-02
         178   7.98873305E-02
         179   7.86563754E-02
         180   7.74368048E-02
         181   7.62285590E-02
         182   7.50315785E-02
         183   7.38459229E-02
         184   7.26714730E-02
         185   7.15082288E-02
         186   7.03561306E-02
         187   6.92151785E-02
         188   6.80854321E-02
         189   6.69667125E-02
         190   6.58590198E-02
         191   6.47624135E-02
         192   6.36768341E-02
         193   6.26021624E-02
         194   6.15383387E-02
         195   6.04855418E-02
         196   5.94435930E-02
         197   5.84124327E-02
         198   5.73921204E-02
         199   5.63825369E-02
         200   5.53837419E-02
         201   5.43956161E-02
         202   5.34181595E-02
         203   5.24513721E-02
         204   5.14951944E-02
         205   5.05495667E-02
         206   4.96144295E-02
         207   4.86898422E-02
         208   4.77757454E-02
         209   4.68720794E-02
         210   4.59786654E-02
         211   4.50957417E-02
         212   4.42231297E-02
         213   4.33608294E-02
         214   4.25087214E-02
         215   4.16668653E-02
         216   4.08351421E-02
         217   4.00135517E-02
         218   3.92020345E-02
         219   3.84005904E-02
         220   3.76092196E-02
         221   3.68278623E-02
         222   3.60563397E-02
         223   3.52947712E-02
         224   3.45430970E-02
         225   3.38011980E-02
         226   3.30690742E-02
         227   3.23466659E-02
         228   3.16340327E-02
         229   3.09309959E-02
         230   3.02376151E-02
         231   2.95537710E-02
         232   2.88794637E-02
         233   2.82146335E-02
         234   2.75592208E-02
         235   2.69132257E-02
         236   2.62766480E-02
         237   2.56493092E-02
         238   2.50312686E-02
         239   2.44224072E-02
         240   2.38227248E-02
         241   2.32321620E-02
         242   2.26506591E-02
         243   2.20782161E-02
         244   2.15147734E-02
         245   2.09602714E-02
         246   2.04145908E-02
         247   1.98778510E-02
         248   1.93498731E-02
         249   1.88305974E-02
         250   1.83199644E-02
         251   1.78180337E-02
         252   1.73246861E-02
         253   1.68398619E-02
         254   1.63635015E-02
         255   1.58956647E-02
         256   1.54361129E-02
         257   1.49849057E-02
         258   1.45419240E-02
         259   1.41071677E-02
         260   1.36806965E-02
         261   1.32622123E-02
         262   1.28518343E-02
         263   1.24495029E-02
         264   1.20550394E-02
         265   1.16684437E-02
         266   1.12896562E-02
         267   1.09186172E-02
         268   1.05553865E-02
         269   1.01996660E-02
         270   9.85163450E-03
         271   9.51117277E-03
         272   9.17804241E-03
         273   8.85236263E-03
         274   8.53401423E-03
         275   8.22287798E-03
         276   7.91913271E-03
         277   7.62242079E-03
         278   7.33274221E-03
         279   7.05021620E-03
         280   6.77454472E-03
         281   6.50578737E-03
         282   6.24382496E-03
         283   5.98859787E-03
         284   5.74016571E-03
         285   5.49823046E-03
         286   5.26285172E-03
         287   5.03396988E-03
         288   4.81152534E-03
         289   4.59533930E-03
         290   4.38541174E-03
         291   4.18168306E-03
         292   3.98409367E-03
         293   3.79252434E-03
         294   3.60691547E-03
         295   3.42726707E-03
         296   3.25328112E-03
         297   3.08501720E-03
         298   2.92253494E-03
         299   2.76547670E-03
         300   2.61402130E-03
         301   2.46793032E-03
         302   2.32720375E-03
         303   2.19172239E-03
         304   2.06130743E-03
         305   1.93607807E-03
         306   1.81573629E-03
         307   1.70034170E-03
         308   1.58977509E-03
         309   1.48397684E-03
         310   1.38276815E-03
         311   1.28626823E-03
         312   1.19400024E-03
         313   1.10620260E-03
         314   1.02269650E-03
         315   9.43243504E-04
         316   8.68082047E-04
         317   7.96794891E-04
         318   7.29441643E-04
         319   6.66022301E-04
         320   6.06060028E-04
         321   5.49793243E-04
         322   4.97102737E-04
         323   4.47750092E-04
         324   4.01735306E-04
         325   3.58939171E-04
         326   3.19182873E-04
         327   2.82466412E-04
         328   2.48491764E-04
         329   2.17437744E-04
         330   1.89006329E-04
         331   1.63018703E-04
         332   1.39594078E-04
         333   1.18494034E-04
         334   9.95993614E-05
         335   8.28504562E-05
         336   6.79492950E-05
         337   5.50150871E-05
         338   4.38094139E-05
         339   3.41534615E-05
         340   2.61068344E-05
         341   1.93715096E-05
         342   1.39474869E-05
         343   9.47713852E-06
         344   6.25848770E-06
         345   3.81469727E-06
         346   2.14576721E-06
         347   8.94069672E-07
         348   3.57627869E-07
         349   1.19209290E-07
         350   5.96046448E-08
         351   0.00000000    
         352  -1.19209290E-07
         353  -3.57627869E-07
         354  -1.07288361E-06
         355  -2.02655792E-06
         356  -3.93390656E-06
         357  -6.55651093E-06
         358  -9.89437103E-06
         359  -1.46627426E-05
         360  -2.05039978E-05
         361  -2.77757645E-05
         362  -3.64780426E-05
         363  -4.70876694E-05
         364  -5.93662262E-05
         365  -7.39097595E-05
         366  -9.03606415E-05
         367  -1.09553337E-04
         368  -1.31011009E-04
         369  -1.55329704E-04
         370  -1.82390213E-04
         371  -2.12550163E-04
         372  -2.45928764E-04
         373  -2.82883644E-04
         374  -3.23057175E-04
         375  -3.67283821E-04
         376  -4.15325165E-04
         377  -4.67658043E-04
         378  -5.24163246E-04
         379  -5.85198402E-04
         380  -6.51121140E-04
         381  -7.21931458E-04
         382  -7.97629356E-04
         383  -8.78810883E-04
         384  -9.65595245E-04
         385  -1.05798244E-03
         386  -1.15621090E-03
         387  -1.26075745E-03
         388  -1.37162209E-03
         389  -1.48904324E-03
         390  -1.61325932E-03
         391  -1.74450874E-03
         392  -1.88302994E-03
         393  -2.02918053E-03
         394  -2.18272209E-03
         395  -2.34436989E-03
         396  -2.51424313E-03
         397  -2.69258022E-03
         398  -2.87938118E-03
         399  -3.07536125E-03
         400  -3.28040123E-03
         401  -3.49485874E-03
         402  -3.71885300E-03
         403  -3.95309925E-03
         404  -4.19723988E-03
         405  -4.45222855E-03
         406  -4.71758842E-03
         407  -4.99415398E-03
         408  -5.28204441E-03
         409  -5.58161736E-03
         410  -5.89275360E-03
         411  -6.21628761E-03
         412  -6.55221939E-03
         413  -6.90102577E-03
         414  -7.26270676E-03
         415  -7.63785839E-03
         416  -8.02671909E-03
         417  -8.42964649E-03
         418  -8.84664059E-03
         419  -9.27865505E-03
         420  -9.72533226E-03
         421  -1.01876259E-02
         422  -1.06651783E-02
         423  -1.11589432E-02
         424  -1.16691589E-02
         425  -1.21959448E-02
         426  -1.27397776E-02
         427  -1.33011341E-02
         428  -1.38802528E-02
         429  -1.44776106E-02
         430  -1.50932074E-02
         431  -1.57281160E-02
         432  -1.63823366E-02
         433  -1.70562267E-02
         434  -1.77500248E-02
         435  -1.84646845E-02
         436  -1.92002058E-02
         437  -1.99571848E-02
         438  -2.07356215E-02
         439  -2.15367079E-02
         440  -2.23603249E-02
         441  -2.32070684E-02
         442  -2.40776539E-02
         443  -2.49720812E-02
         444  -2.58910656E-02
         445  -2.68353224E-02
         446  -2.78048515E-02
         447  -2.88002491E-02
         448  -2.98223495E-02
         449  -3.08713913E-02
         450  -3.19480896E-02
         451  -3.30526829E-02
         452  -3.41858864E-02
         453  -3.53482962E-02
         454  -3.65402699E-02
         455  -3.77625227E-02
         456  -3.90155315E-02
         457  -4.03000116E-02
         458  -4.16165590E-02
         459  -4.29655313E-02
         460  -4.43477631E-02
         461  -4.57637310E-02
         462  -4.72141504E-02
         463  -4.86997366E-02
         464  -5.02208471E-02
         465  -5.17785549E-02
         466  -5.33732176E-02
         467  -5.50055504E-02
         468  -5.66763878E-02
         469  -5.83865643E-02
         470  -6.01363182E-02
         471  -6.19267225E-02
         472  -6.37583733E-02
         473  -6.56322241E-02
         474  -6.75491095E-02
         475  -6.95095062E-02
         476  -7.15142488E-02
         477  -7.35644102E-02
         478  -7.56605864E-02
         479  -7.78036118E-02
         480  -7.99945593E-02
         481  -8.22341442E-02
         482  -8.45234394E-02
         483  -8.68629217E-02
         484  -8.92537832E-02
         485  -9.16972160E-02
         486  -9.41938162E-02
         487  -9.67446566E-02
         488  -9.93506908E-02
         489 -0.102013111    
         490 -0.104732871    
         491 -0.107510805    
         492 -0.110348105    
         493 -0.113246202    
         494 -0.116205812    
         495 -0.119228005    
         496 -0.122314095    
         497 -0.125465393    
         498 -0.128683209    
         499 -0.131968260    
         500 -0.135322094    
         501 -0.138746142    
         502 -0.142241597    
         503 -0.145809412    
         504 -0.149451375    
         505 -0.153168797    
         506 -0.156963229    
         507 -0.160835624    
         508 -0.164787769    
         509 -0.168821454    
         510 -0.172937632    
         511 -0.177138209    
         512 -0.181424618    
         513 -0.185798764    
         514 -0.190262198    
         515 -0.194816232    
         516 -0.199463129    
         517 -0.204204559    
         518 -0.209042192    
         519 -0.213977695    
         520 -0.219013333    
         521 -0.224151015    
         522 -0.229392767    
         523 -0.234740138    
         524 -0.240195513    
         525 -0.245761395    
         526 -0.251439333    
         527 -0.257231951    
         528 -0.263141394    
         529 -0.269169807    
         530 -0.275319815    
         531 -0.281593680    
         532 -0.287994027    
         533 -0.294523358    
         534 -0.301184177    
         535 -0.307979345    
         536 -0.314911366    
         537 -0.321983218    
         538 -0.329197645    
         539 -0.336557746    
         540 -0.344066739    
         541 -0.351727247    
         542 -0.359542489    
         543 -0.367515802    
         544 -0.375650764    
         545 -0.383950710    
         546 -0.392418623    
         547 -0.401058793    
         548 -0.409874678    
         549 -0.418869972    
         550 -0.428048730    
         551 -0.437414527    
         552 -0.446972132    
         553 -0.456725359    
         554 -0.466678143    
         555 -0.476835728    
         556 -0.487202287    
         557 -0.497782469    
         558 -0.508581281    
         559 -0.519603252    
         560 -0.530853987    
         561 -0.542338610    
         562 -0.554062366    
         563 -0.566030860    
         564 -0.578249812    
         565 -0.590725183    
         566 -0.603463173    
         567 -0.616469502    
         568 -0.629750967    
         569 -0.643314600    
         570 -0.657166243    
         571 -0.671313763    
         572 -0.685763836    
         573 -0.700524569    
         574 -0.715603113    
         575 -0.731007576    
         576 -0.746746302    
         577 -0.762827873    
         578 -0.779260874    
         579 -0.796054125    
         580 -0.813217402    
         581 -0.830760002    
         582 -0.848692179    
         583 -0.867023706    
         584 -0.885766268    
         585 -0.904930115    
         586 -0.924526691    
         587 -0.944568157    
         588 -0.965066433    
         589 -0.986034393    
         590  -1.00748515    
         591  -1.02943206    
         592  -1.05188966    
         593  -1.07487249    
         594  -1.09839535    
         595  -1.12247419    
         596  -1.14712572    
         597  -1.17236638    
         598  -1.19821429    
         599  -1.22468734    
         600  -1.25180483    
         601  -1.27958679    
         602  -1.30805326    
         603  -1.33722639    
         604  -1.36712790    
         605  -1.39778137    
         606  -1.42921138    
         607  -1.46144247    
         608  -1.49450159    
         609  -1.52841616    
         610  -1.56321502    
         611  -1.59892774    
         612  -1.63558626    
         613  -1.67322302    
         614  -1.71187210    
         615  -1.75157022    
         616  -1.79235411    
         617  -1.83426332    
         618  -1.87733960    
         619  -1.92162561    
         620  -1.96716738    
         621  -2.01401210    
         622  -2.06220984    
         623  -2.11181378    
         624  -2.16287899    
         625  -2.21546364    
         626  -2.26962972    
         627  -2.32544112    
         628  -2.38296747    
         629  -2.44227934    
         630  -2.50345421    
         631  -2.56657171    
         632  -2.63171744    
         633  -2.69898176    
         634  -2.76845956    
         635  -2.84025311    
         636  -2.91446900    
         637  -2.99122286    
         638  -3.07063508    
         639  -3.15283585    
         640  -3.23796248    
         641  -3.32616282    
         642  -3.41759396    
         643  -3.51242304    
         644  -3.61083031    
         645  -3.71300888    
         646  -3.81916451    
         647  -3.92951918    
         648  -4.04431152    
         649  -4.16379929    
         650  -4.28825903    
         651  -4.41798973    
         652  -4.55331516    
         653  -4.69458675    
         654  -4.84218502    
         655  -4.99652243    
         656  -5.15805149    
         657  -5.32726192    
         658  -5.50469112    
         659  -5.69092751    
         660  -5.88661718    
         661  -6.09247017    
         662  -6.30926895    
         663  -6.53787994    
         664  -6.77926254    
         665  -7.03448105    
         666  -7.30472469    
         667  -7.59131908    
         668  -7.89575338    
         669  -8.21970177    
         670  -8.56505394    
         671  -8.93395138    
         672  -9.32883453    
         673  -9.75248718    
         674  -10.2081089    
         675  -10.6993904    
         676  -11.2306137    
         677  -11.8067741    
         678  -12.4337368    
         679  -13.1184320    
         680  -13.8691111    
         681  -14.6956749    
         682  -15.6101112    
         683  -16.6270695    
         684  -17.7646484    
         685  -19.0454731    
         686  -20.4982033    
         687  -22.1596870    
         688  -24.0781136    
         689  -26.3177414    
         690  -28.9662037    
         691  -32.1461945    
         692  -36.0349617    
         693  -40.8984146    
         694  -47.1544838    
         695  -55.4998817    
         696  -67.1890488    
         697  -84.7319489    
         698  -113.988876    
         699  -172.560532    
         700  -348.687897    
