 # t NA NB NA_analytic NB_analytic dNA dNB
   1.0000000000000000        366.03234127322941        474.68142853064728        367.87944117144235        477.30243708238220       -1.8470998982129458       -2.6210085517349171     
   2.0000000000000000        133.97967485796198        461.29673079904700        135.33528323661270        465.08831586965925       -1.3556083786507145       -3.7915850706122569     
   3.0000000000000000        49.040894071285848        343.03758542353387        49.787068367863945        346.68618356113171      -0.74617429657809708       -3.6485981375978440     
   4.0000000000000000        17.950553275045191        231.08082950891747        18.315638888734178        234.03928869575705      -0.36508561368898640       -2.9584591868395762     
   5.0000000000000000        6.5704830424146268        148.50272922777049        6.7379469990854668        150.69410324962666      -0.16746395667084002       -2.1913740218561770     
   6.0000000000000000        2.4050092913110781        93.077449381080640        2.4787521766663585        94.616632382395181       -7.3742885355280396E-002  -1.5391830013145409     
   7.0000000000000000       0.88031118168246381        57.525180385049843       0.91188196555451628        58.571002913527970       -3.1570783872052477E-002  -1.0458225284781264     
   8.0000000000000000       0.32222236288023542        35.264921000332038       0.33546262790251186        35.960352521663332       -1.3240265022276432E-002 -0.69543152133129382     
   9.0000000000000000       0.11794380589564471        21.515399558698697       0.12340980408667956        21.971173468311253       -5.4659981910348543E-003 -0.45577390961255659     
   10.000000000000000        4.3171247410658156E-002   13.089378716214233        4.5399929762484852E-002   13.385094138645965       -2.2286823518266954E-003 -0.29571542243173177     
   11.000000000000000        1.5802072765409046E-002   7.9496512477058898        1.6701700790245660E-002   8.1401394753476417       -8.9962802483661494E-004 -0.19048822764175188     
   12.000000000000000        5.7840696912926067E-003   4.8231646567458890        6.1442123533282100E-003   4.9452159286260606       -3.6014266203560335E-004 -0.12205127188017162     
   13.000000000000000        2.1171565711913579E-003   2.9244761498473908        2.2603294069810540E-003   3.0023577271411823       -1.4317283578969614E-004  -7.7881577293791526E-002
   14.000000000000000        7.7494777659517543E-004   1.7725661687054155        8.3152871910356792E-004   1.8221008736708253       -5.6580942508392489E-005  -4.9534704965409793E-002
   15.000000000000000        2.8365594903161540E-004   1.0741360350430096        3.0590232050182580E-004   1.1055569356546635       -2.2246371470210403E-005  -3.1420900611653924E-002
   16.000000000000000        1.0382725114012193E-004  0.65081450100952132        1.1253517471925911E-004  0.67070018545558518       -8.7079235791371831E-006  -1.9885684446063867E-002
   17.000000000000000        3.8004131822782423E-005  0.39429346921892511        4.1399377187851666E-005  0.40685393926691260       -3.3952453650692427E-006  -1.2560470047987493E-002
   18.000000000000000        1.3910741349149503E-005  0.23886936680977533        1.5229979744712628E-005  0.24678914821386969       -1.3192383955631258E-006  -7.9197814040943559E-003
   19.000000000000000        5.0917812248755100E-006  0.14470660376719696        5.6027964375372675E-006  0.14969245418252614       -5.1101521266175759E-007  -4.9858504153291738E-003
   20.000000000000000        1.8637566029922565E-006   8.7661399501131429E-002   2.0611536224385580E-006   9.0795737217724826E-002  -1.9739701944630155E-007  -3.1343377165933967E-003
   21.000000000000000        6.8219519295669665E-007   5.3103568929835226E-002   7.5825604279119061E-007   5.5071382187408736E-002  -7.6060849834493965E-008  -1.9678132575735099E-003
   22.000000000000000        2.4970550368328213E-007   3.2168895955230453E-002   2.7894680928689245E-007   3.3402843686872748E-002  -2.9241305603610327E-008  -1.2339477316422945E-003
   23.000000000000000        9.1400290142002682E-008   1.9487084674789979E-002   1.0261879631701890E-007   2.0259981959668789E-002  -1.1218506175016221E-008  -7.7289728487880960E-004
   24.000000000000000        3.3455462193729729E-008   1.1804743175399604E-002   3.7751345442790979E-008   1.2288349203965532E-002  -4.2958832490612502E-009  -4.8360602856592841E-004
   25.000000000000000        1.2245781155148911E-008   7.1509803067093562E-003   1.3887943864964021E-008   7.4532785682696117E-003  -1.6421627098151097E-009  -3.0229826156025555E-004
   26.000000000000000        4.4823519469387507E-009   4.3318582745768214E-003   5.1090890280633247E-009   4.5206485957840527E-003  -6.2673708112457403E-010  -1.8879032120723126E-004
   27.000000000000000        1.6406857775486090E-009   2.6241138054955990E-003   1.8795288165390831E-009   2.7419144137105357E-003  -2.3884303899047411E-010  -1.1780060821493668E-004
   28.000000000000000        6.0054405644980623E-010   1.5896113441594834E-003   6.9144001069402034E-010   1.6630560553271144E-003  -9.0895954244214111E-011  -7.3444711167631061E-005
   29.000000000000000        2.1981854702004514E-010   9.6293984286921475E-004   2.5436656473769226E-010   1.0086948164026467E-003  -3.4548017717647125E-011  -4.5754973533431993E-005
   30.000000000000000        8.0460697421026629E-011   5.8332059327297916E-004   9.3576229688401745E-011   6.1180445385119217E-004  -1.3115532267375116E-011  -2.8483860578213012E-005
   31.000000000000000        2.9451217457495299E-011   3.5335840859420184E-004   3.4424771084699770E-011   3.7107820367365352E-004  -4.9735536272044707E-012  -1.7719795079451683E-005
   32.000000000000000        1.0780098079314013E-011   2.1405409139172463E-004   1.2664165549094176E-011   2.2507032411018713E-004  -1.8840674697801630E-012  -1.1016232718462506E-005
   33.000000000000000        3.9458645391263511E-012   1.2966764549210370E-004   4.6588861451033977E-012   1.3651205820892513E-004  -7.1302160597704660E-013  -6.8444127168214297E-006
   34.000000000000000        1.4443140356034312E-012   7.8548828081505229E-005   1.7139084315420129E-012   8.2798750947886478E-005  -2.6959439593858175E-013  -4.2499228663812482E-006
   35.000000000000000        5.2866564798571042E-013   4.7582558558357653E-005   6.3051167601469895E-013   5.0219981853856284E-005  -1.0184602802898853E-013  -2.6374232954986304E-006
   36.000000000000000        1.9350872488293857E-013   2.8824107518189681E-005   2.3195228302435698E-013   3.0459959025520694E-005  -3.8443558141418414E-014  -1.6358515073310123E-006
   37.000000000000000        7.0830451625699202E-014   1.7460792284604438E-005   8.5330476257440658E-014   1.8474899153280236E-005  -1.4500024631741456E-014  -1.0141068686757986E-006
   38.000000000000000        2.5926236041994880E-014   1.0577231797340664E-005   3.1391327920480296E-014   1.1205592812291879E-005  -5.4650918784854165E-015  -6.2836101495121463E-007
   39.000000000000000        9.4898408788537719E-015   6.4073743350453650E-006   1.1548224173015787E-014   6.7965356158936936E-006  -2.0583832941620147E-015  -3.8916128084832865E-007
   40.000000000000000        3.4735886751972475E-015   3.8813979522045745E-006   4.2483542552915887E-015   4.1223072363804075E-006  -7.7476558009434123E-016  -2.4090928417583292E-007
   41.000000000000000        1.2714457954026235E-015   2.3512361333500340E-006   1.5628821893349887E-015   2.5003057296477205E-006  -2.9143639393236523E-016  -1.4906959629768657E-007
   42.000000000000000        4.6539028129322554E-016   1.4243093393957549E-006   5.7495222642935601E-016   1.5165120844324768E-006  -1.0956194513613047E-016  -9.2202745036721892E-008
   43.000000000000000        1.7034789426756620E-016   8.6280449044449950E-007   2.1151310375910806E-016   9.1981107530743718E-007  -4.1165209491541859E-017  -5.7006584862937687E-008
   44.000000000000000        6.2352838569721826E-017   5.2266145286358558E-007   7.7811322411337960E-017   5.5789361841816230E-007  -1.5458483841616134E-017  -3.5232165554576714E-008
   45.000000000000000        2.2823155486707009E-017   3.1661285646765024E-007   2.8625185805493939E-017   3.3837958446577570E-007  -5.8020303187869298E-018  -2.1766727998125468E-008
   46.000000000000000        8.3540130380423212E-018   1.9179470827181846E-007   1.0530617357553812E-017   2.0523759261297657E-007  -2.1766043195114904E-018  -1.3442884341158110E-008
   47.000000000000000        3.0578389513417126E-018   1.1618356415039669E-007   3.8739976286871869E-018   1.2448289245040765E-007  -8.1615867734547426E-019  -8.2993283000109560E-009
   48.000000000000000        1.1192679505960829E-018   7.0380568369885836E-008   1.4251640827409352E-018   7.5502690882731639E-008  -3.0589613214485228E-019  -5.1221225128458027E-009
   49.000000000000000        4.0968826846877375E-019   4.2634467622422583E-008   5.2428856633634640E-019   4.5794696911862483E-008  -1.1460029786757265E-019  -3.1602292894398998E-009
   50.000000000000000        1.4995915609980067E-019   2.5826700061379214E-008   1.9287498479639179E-019   2.7775887729542291E-008  -4.2915828696591119E-020  -1.9491876681630773E-009
   51.000000000000000        5.4889901002567697E-020   1.5645051369367975E-008   7.0954741622847040E-020   1.6846927508795385E-008  -1.6064840620279343E-020  -1.2018761394274100E-009
   52.000000000000000        2.0091478976225630E-020   9.4773095969679601E-009   2.6102790696677048E-020   1.0218178056074444E-008  -6.0113117204514174E-021  -7.4086845910648437E-010
   53.000000000000000        7.3541310893097341E-021   5.7410739713225865E-009   9.6026800545086759E-021   6.1976382774244461E-009  -2.2485489651989418E-021  -4.5656430610185955E-010
   54.000000000000000        2.6918498206502868E-021   3.4777728855371326E-009   3.5326285722008073E-021   3.7590576330711012E-009  -8.4077875155052043E-022  -2.8128474753396857E-010
   55.000000000000000        9.8530409220854691E-022   2.1067319988887276E-009   1.2995814250075031E-021   2.2799837060861118E-009  -3.1427733279895616E-022  -1.7325170719738425E-010
   56.000000000000000        3.6065316373718833E-022   1.2761959625362770E-009   4.7808928838854692E-022   1.3828800213870845E-009  -1.1743612465135859E-022  -1.0668405885080747E-010
   57.000000000000000        1.3201072191032033E-022   7.7308178527347674E-010   1.7587922024243115E-022   8.3875913167555717E-010  -4.3868498332110823E-023  -6.5677346402080430E-011
   58.000000000000000        4.8320193614003763E-023   4.6831009050820798E-010   6.4702349256454594E-023   5.0873312947525507E-010  -1.6382155642450831E-023  -4.0423038967047093E-011
   59.000000000000000        1.7686753599309558E-023   2.8368840794019271E-010   2.3802664086944006E-023   3.0856224063832992E-010  -6.1159104876344482E-024  -2.4873832698137208E-011
   60.000000000000000        6.4739238294779997E-024   1.7185005070529865E-010   8.7565107626965202E-024   1.8715245937678599E-010  -2.2825869332185205E-024  -1.5302408671487342E-011
   61.000000000000000        2.3696654965283821E-024   1.0410168022670559E-010   3.2213402859925158E-024   1.1351370465264802E-010  -8.5167478946413375E-025  -9.4120244259424280E-012
   62.000000000000000        8.6737420972867366E-025   6.3061720270350811E-011   1.1850648642339809E-024   6.8849542169397162E-011  -3.1769065450530728E-025  -5.7878218990463510E-012
   63.000000000000000        3.1748701274700369E-025   3.8200925814027173E-011   4.3596100000630808E-025   4.1759358232917799E-011  -1.1847398725930438E-025  -3.5584324188906258E-012
   64.000000000000000        1.1621051459962941E-025   2.3140991504713195E-011   1.6038108905486379E-025   2.5328331098188029E-011  -4.4170574455234375E-026  -2.1873395934748342E-012
   65.000000000000000        4.2536806739469203E-026   1.4018128524638348E-011   5.9000905415970604E-026   1.5362409370404073E-011  -1.6464098676501401E-026  -1.3442808457657251E-012
   66.000000000000000        1.5569846961134799E-026   8.4917678351533042E-012   2.1705220113036393E-026   9.3177722902067518E-012  -6.1353731519015940E-027  -8.2600445505344756E-013
   67.000000000000000        5.6990675364500461E-027   5.1440619080787435E-012   7.9849042456869792E-027   5.6515145742312065E-012  -2.2858367092369331E-027  -5.0745266615246299E-013
   68.000000000000000        2.0860430334410669E-027   3.1161206273921888E-012   2.9374821117108028E-027   3.4278168630840202E-012  -8.5143907826973589E-028  -3.1169623569183147E-013
   69.000000000000000        7.6355921552714338E-028   1.8876537526131250E-012   1.0806392777072785E-027   2.0790760233404420E-012  -3.1708006218013513E-028  -1.9142227072731700E-013
   70.000000000000000        2.7948736736015074E-028   1.1434848376638139E-012   3.9754497359086468E-028   1.2610233520293971E-012  -1.1805760623071395E-028  -1.1753851436558316E-013
   71.000000000000000        1.0230141543112711E-028   6.9268930923213813E-013   1.4624862272512310E-028   7.6484932561942684E-013  -4.3947207293995988E-029  -7.2160016387288714E-014
   72.000000000000000        3.7445626605820772E-029   4.1961070520601337E-013   5.3801861600211378E-029   4.6390456604871386E-013  -1.6356234994390607E-029  -4.4293860842700491E-014
   73.000000000000000        1.3706310376971718E-029   2.5418776004882905E-013   1.9792598779469045E-029   2.8137234248922931E-013  -6.0862884024973267E-030  -2.7184582440400255E-014
   74.000000000000000        5.0169528775005183E-030   1.5397943035537957E-013   7.2812901783216429E-030   1.7066095251488129E-013  -2.2643373008211245E-030  -1.6681522159501719E-014
   75.000000000000000        1.8363670078089810E-030   9.3276186736971970E-014   2.6786369618080779E-030   1.0351110011603737E-013  -8.4226995399909689E-031  -1.0234913379065402E-014
   76.000000000000000        6.7216971530523634E-031   5.6503956353846235E-014   9.8541546861112578E-031   6.2782655840960593E-014  -3.1324575330588943E-031  -6.2786994871143580E-015
   77.000000000000000        2.4603585462613586E-031   3.4228426303922487E-014   3.6251409191435592E-031   3.8079605665729047E-014  -1.1647823728822006E-031  -3.8511793618065606E-015
   78.000000000000000        9.0057079905964433E-032   2.0734568742517847E-014   1.3336148155022613E-031   2.3096448346031573E-014  -4.3304401644261701E-032  -2.3618796035137266E-015
   79.000000000000000        3.2963803806210489E-032   1.2560388757602043E-014   4.9060947306492809E-032   1.4008704052337291E-014  -1.6097143500282320E-032  -1.4483152947352479E-015
   80.000000000000000        1.2065818284458614E-032   7.6087121801858274E-015   1.8048513878454152E-032   8.4967085105831775E-015  -5.9826955939955383E-033  -8.8799633039735013E-016
   81.000000000000000        4.4164797160377303E-033   4.6091328985234877E-015   6.6396771995807347E-033   5.1535142183099622E-015  -2.2231974835430044E-033  -5.4438131978647443E-016
   82.000000000000000        1.6165744106470172E-033   2.7920764477823491E-015   2.4426007377405276E-033   3.1257643786699775E-015  -8.2602632709351045E-034  -3.3368793088762834E-016
   83.000000000000000        5.9171851637151835E-034   1.6913573684885950E-015   8.9858259440493815E-034   1.8958719307009513E-015  -3.0686407803341980E-034  -2.0451456221235628E-016
   84.000000000000000        2.1658811392218859E-034   1.0245742913711456E-015   3.3057006267607342E-034   1.1499044528587120E-015  -1.1398194875388483E-034  -1.2533016148756643E-016
   85.000000000000000        7.9278254430891623E-035   6.2065681570107764E-016   1.2160992992528255E-034   6.9745230639888931E-016  -4.2331675494390925E-035  -7.6795490697811673E-017
   86.000000000000000        2.9018405081394044E-035   3.7597555015818708E-016   4.4737793061811207E-035   4.2302620751821612E-016  -1.5719387980417163E-035  -4.7050657360029033E-017
   87.000000000000000        1.0621674751957642E-035   2.2775487312916673E-016   1.6458114310822736E-035   2.5657836472175699E-016  -5.8364395588650939E-036  -2.8823491592590266E-017
   88.000000000000000        3.8878764777018020E-036   1.3796716890834573E-016   6.0546018954011857E-036   1.5562264482267592E-016  -2.1667254176993837E-036  -1.7655475914330195E-017
   89.000000000000000        1.4230885297143081E-036   8.3576432130998585E-017   2.2273635617957438E-036   9.4389905430522462E-017  -8.0427503208143574E-037  -1.0813473299523877E-017
   90.000000000000000        5.2089642637040596E-037   5.0628131772332705E-017   8.1940126239905155E-037   5.7250371610987878E-017  -2.9850483602864559E-037  -6.6222398386551733E-018
   91.000000000000000        1.9066493850521827E-037   3.0669025482436063E-017   3.0144087850653745E-037   3.4724105662005897E-017  -1.1077594000131918E-037  -4.0550801795698344E-018
   92.000000000000000        6.9789533839781367E-038   1.8578388953240560E-017   1.1089390193121365E-037   2.1061234715107623E-017  -4.1104368091432280E-038  -2.4828457618670634E-018
   93.000000000000000        2.5545226467742454E-038   1.1254238785499065E-017   4.0795586671775603E-038   1.2774284586116846E-017  -1.5250360204033149E-038  -1.5200458006177808E-018
   94.000000000000000        9.3503790523426430E-039   6.8174851414626518E-018   1.5007857627073947E-038   7.7479952573743737E-018  -5.6574785747313042E-039  -9.3051011591172191E-019
   95.000000000000000        3.4225411363211385E-039   4.1298309499128850E-018   5.5210822770285324E-039   4.6993966749056344E-018  -2.0985411407073939E-039  -5.6956572499274935E-019
   96.000000000000000        1.2527607452315657E-039   2.5017294971616447E-018   2.0310926627348110E-039   2.8503281654818704E-018  -7.7833191750324527E-040  -3.4859866832022565E-019
   97.000000000000000        4.5855094863230554E-040   1.5154737694773408E-018   7.4719723373429899E-040   1.7288114226072191E-018  -2.8864628510199344E-040  -2.1333765312987833E-019
   98.000000000000000        1.6784447732094311E-040   9.1802920682653785E-019   2.7487850079102148E-040   1.0485771326726928E-018  -1.0703402347007837E-040  -1.3054792584615495E-019
   99.000000000000000        6.1436507003566274E-041   5.5611495333054884E-019   1.0112214926104487E-040   6.3599418003954990E-019  -3.9685642257478591E-041  -7.9879226709001060E-020
   100.00000000000000        2.2487748498164527E-041   3.3687799801806769E-019   3.7200759760208362E-041   3.8574996959278359E-019  -1.4713011262043835E-041  -4.8871971574715898E-020
